128
16
128
250
0
11
25
120
129
6
128
16
128
250
0
11
24
55
0
0
0
0
0
0
0
0
0
0
0
0
2
1
16
128
227
82
16
128
227
87
3
50
218
131
199
35
42
2
67
102
255
56
21
16
128
227
87
66
16
128
227
82
16
128
229
87
67
16
128
229
82
45
36
2
100
16
128
229
82
16
128
229
87
52
16
128
227
87
218
91
131
199
35
42
2
67
102
255
56
12
16
128
229
87
67
16
128
229
82
45
31
16
128
227
87
3
100
218
131
199
35
58
2
67
52
16
128
229
87
3
10
218
131
199
35
42
2
67
218
91
131
70
218
102
255
56
59
16
128
229
87
67
16
128
229
82
16
128
227
87
66
16
128
227
82
16
128
229
87
52
35
218
91
131
199
35
40
2
67
102
255
56
3
44
21
16
128
227
87
52
16
128
229
87
218
91
131
68
218
16
128
231
82
45
93
16
128
227
87
3
3
131
68
218
16
128
227
82
16
128
227
87
3
50
131
199
35
58
2
67
102
255
56
3
45
30
2
33
52
16
128
231
87
218
91
131
68
218
52
16
128
227
87
52
16
128
229
87
218
91
131
218
69
218
16
128
227
82
216
16
128
227
87
3
1
120
130
5
16
128
229
82
47
34
55
194
195
56
5
209
90
45
6
55
