128
16
128
250
0
11
25
120
129
6
128
16
128
250
0
11
24
55
0
0
0
0
0
0
0
0
0
0
0
0
2
25
52
16
128
229
87
218
91
131
68
218
52
120
129
142
91
16
128
227
87
52
2
55
52
120
129
80
218
34
112
2
50
218
52
16
128
231
87
3
8
120
129
163
52
16
128
229
87
218
91
131
68
218
52
120
129
106
218
34
112
2
50
218
3
8
120
129
172
16
128
229
82
55
2
5
52
34
112
4
48
89
218
91
120
129
181
52
34
112
3
48
89
218
91
131
68
218
55
55
34
112
2
48
89
218
80
89
52
218
52
34
112
6
48
89
3
0
128
219
218
129
219
91
218
91
218
128
21
129
89
218
128
89
55
55
34
112
3
48
89
52
34
112
3
48
89
218
91
131
68
218
16
128
227
82
55
194
195
56
5
209
90
45
6
55
194
195
56
5
209
210
45
6
55
134
96
0
135
96
0
128
219
35
218
128
219
209
210
219
42
3
134
20
209
90
218
90
218
128
99
0
56
3
45
20
135
219
218
134
219
55
